1305031102.175304 0 0 0 0 0 0 1
1305031102.211214 -0.0009131260597354563 0.009971428977284579 0.01292547205407833 -0.001511030678894953 -0.003574141696393928 -0.0008872162583661541 0.9999920775409835
1305031102.275326 -0.0006325261213377335 0.006435376001254751 0.04003854883581224 -0.01465390657039541 -0.009965595423492466 1.104874864895772e-05 0.9998429625736266
1305031102.311267 -0.001702700130476226 0.006753775192540319 0.05351554648816832 -0.01879451890442166 -0.01161910851379703 0.000562256464369421 0.9997556932791952
1305031102.343233 -0.001433098226692972 0.007986411888869277 0.06538382060692251 -0.02069723306046425 -0.01375780554159917 0.002426012114147672 0.9996881822826268
1305031102.375329 -0.002749553016015624 0.009065838023455529 0.07646990154903718 -0.02272357063784455 -0.01517983426711528 0.002320666832301579 0.9996238424900354
1305031102.411258 -0.006429507226575191 0.0123877225909154 0.08505120808159153 -0.02398292271358226 -0.01676533148497383 0.001073652007022892 0.9995712032415105
1305031102.443271 -0.006844056630000349 0.01771912615606259 0.09557563555171157 -0.0284449249043814 -0.02015122246409031 0.0008289343506807387 0.9993918787683984
1305031102.475318 -0.004362632595468745 0.01690436243457087 0.11159207675685 -0.03644495424469838 -0.02331676452007759 0.001022297209661085 0.99906308545098
1305031102.511219 -0.002844355793675054 0.01735455773674543 0.1268650151548102 -0.04155773116278962 -0.02329963377738748 -0.0006102155049246871 0.9988642098320865
1305031102.575286 -0.002885967689180785 0.01588082645488837 0.1563158371665271 -0.04834842038751014 -0.02103659917417585 -0.003570105930424933 0.9986025966744044
1305031102.611233 -0.003780192969812345 0.01490685188366458 0.1683111614908682 -0.04595548883942629 -0.01806344603444961 -0.002274733362107665 0.9987775681056424
1305031102.675285 -0.01048220834659439 0.02309368990487842 0.1870285003767238 -0.04460179161562398 -0.01648813748378879 -0.001857379618238922 0.9988670440293572
1305031102.711263 -0.01195207158006928 0.02380034600629006 0.2022987682921255 -0.04558493008836265 -0.01644037703561179 -0.0004975563606167661 0.998825050041014
1305031102.743234 -0.01012303811533116 0.03441495704469742 0.2145269814235696 -0.0438112322808157 -0.01762985429717769 0.001645923669717381 0.9988829035971986
1305031102.775472 -0.009134594195740987 0.03363290309173379 0.2306739354455214 -0.04724170401972075 -0.01609566053411015 -0.0005568176089363703 0.9987536438318682
1305031102.811232 -0.01376953621746525 0.03915966353209656 0.2433641407639169 -0.04707400291637983 -0.01130664555020354 -0.002175489621102974 0.9988250423676507
1305031102.84329 -0.01184347793276365 0.04083673595535871 0.257975347886336 -0.0489328327328837 -0.008724169250372152 -0.003188013530080881 0.9987588814730803
1305031102.875363 -0.01639551428928133 0.04073200048007861 0.2657825417619983 -0.04919947970925813 -0.004075274762225711 -0.006437506448866796 0.998759912012227
1305031102.911185 -0.01715948125869354 0.04773750695541534 0.2784908412342858 -0.04715745531256021 -0.002604392483008051 -0.006861805637003979 0.9988605043606631
1305031102.975203 -0.02986881260475802 0.0482081224053296 0.2899898196021158 -0.04960261661385573 -0.004190988313272619 -0.009258258893977769 0.998717327718043
1305031103.011215 -0.02569671963229444 0.05307040162792374 0.3053263694428551 -0.05026340032143256 -0.01304524997615204 -0.005506753030855287 0.9986356130802888
1305031103.043227 -0.02742835619065352 0.05645739053352704 0.3157932553178144 -0.05181587817972481 -0.01838880138640056 -0.003156544536592276 0.9984823498583357
1305031103.075319 -0.0223166012194712 0.06091138226434593 0.3332297912534222 -0.05065983891609737 -0.02385955911414307 0.0007238419081153721 0.998430657688738
1305031103.11124 -0.02434189148049566 0.06751128689205292 0.3388570116179247 -0.04832874387620181 -0.02243966899239163 0.0008339527646219042 0.9985790395825694
1305031103.143318 -0.021564155494865 0.07193606356287129 0.3513775729319329 -0.04926583315823983 -0.02396360931480032 0.00270541066116243 0.9984945186955142
1305031103.175452 -0.02064174897927764 0.07634628968758732 0.3570089143099032 -0.05009676888721892 -0.02279498070110312 0.003495883436306886 0.9984780825841379
1305031103.243216 -0.02498363884141347 0.08221882574662698 0.3673497835699036 -0.06192763199397881 -0.02030011375902709 0.005938661663621719 0.9978565057535246
1305031103.27537 -0.03803672179259062 0.07817799420842965 0.3633665204201136 -0.07349428346650236 -0.01483480318693356 0.008882370976897988 0.9971457377926153
1305031103.31121 -0.02994333977733412 0.07632940622329945 0.3805280925597431 -0.08097758699743382 -0.03014547944701854 0.01086308669554326 0.9962007196446043
1305031103.343223 -0.02395709742017117 0.08255186277456433 0.3870259228213656 -0.07923202596547009 -0.03726652405398318 0.01151343207029533 0.9960928335894721
1305031103.375327 -0.01963377861429543 0.08027660754462478 0.3898603598630007 -0.08407992059744601 -0.03774702090683631 0.01437934749447212 0.9956399769648763
1305031103.41126 -0.02171309333169327 0.07257391065125206 0.3862072349458928 -0.08805155561439604 -0.0359919603685887 0.01461661942348714 0.9953581550272946
1305031103.44328 -0.02678469615893684 0.07055740069374251 0.3810976995629682 -0.08785811262484883 -0.03551024096780766 0.01352532037746811 0.9954079769326215
1305031103.475274 -0.02484957418141182 0.06834469393712565 0.3781003240584626 -0.08744045035319083 -0.03956112776264158 0.01328996704855236 0.9952951630486443
1305031103.511333 -0.02328729486594859 0.06285537227847329 0.3729898349820116 -0.08560618152749178 -0.04216143791615112 0.01087658776678141 0.9953771620223543
1305031103.543444 -0.02139886548646401 0.06008484109061649 0.3656149186168566 -0.0806618380701815 -0.04465949136520587 0.009736007418296942 0.9956929285024032
1305031103.575474 -0.02175807259553541 0.05479279088221933 0.3524063380840778 -0.07698593690247101 -0.04565497589751211 0.00956061746340948 0.9959404516780934
1305031103.611223 -0.02258351128866752 0.04858761289684763 0.3426038149953801 -0.07585125717154464 -0.04841591873261188 0.01153121792106363 0.9958762556723754
1305031103.643445 -0.02248259057977769 0.04557538603739795 0.3322347101999583 -0.07213064491035784 -0.05231501159567355 0.01223248064619835 0.9959471251245222
1305031103.675523 -0.0201856449475228 0.04114269814818738 0.3217570331648743 -0.06964524306671385 -0.05546578892055652 0.01221434642362824 0.9959537620387013
1305031103.71161 -0.0149743847474204 0.03722215787015619 0.3104398037416903 -0.06720731359825786 -0.05827494508284417 0.01262445259174012 0.995955737455865
1305031103.743326 -0.01247391525931607 0.03138660061803445 0.2980817325278915 -0.06483307216594762 -0.05855196131738933 0.01212519986560567 0.996103067010453
1305031103.775342 -0.01425795925908781 0.02997185978051531 0.2820922514826722 -0.06058045529774764 -0.05691725030916115 0.008248285994471489 0.9965050932289886
1305031103.811242 -0.01202497958680528 0.02732753419472575 0.2694314777572344 -0.06076566895189188 -0.05676405766415909 0.005330888182715612 0.9965224316920881
1305031103.843251 -0.01436163679842361 0.02715886000498718 0.2566267746161509 -0.06281760581892584 -0.05585528141023732 0.002768275678941259 0.9964569597265738
1305031103.875361 -0.0171103470311727 0.01195847547545192 0.2386775334694551 -0.07253985174457001 -0.0569900890698654 -0.0004882040172326879 0.9957358391227676
1305031103.911221 -0.009558591435327288 0.005837158644378464 0.22908416640599 -0.07183706220519707 -0.06439554343942204 -0.0006586181393858773 0.9953352283030148
1305031103.943211 -0.00983135222241832 0.0007563653947807007 0.2126787050156619 -0.07011441586778128 -0.0661147103180314 -0.001958063223815262 0.9953436490757823
1305031103.975373 -0.006128943050286298 -0.002840450003843092 0.200746603115931 -0.0677565363556302 -0.06913686739309503 -0.002136580288140773 0.9953012510656409
1305031104.011232 -0.0009935382169924242 -0.008561809260871056 0.1894918682176047 -0.06366971672183072 -0.07050596801674901 -0.003117297963943103 0.9954724296031443
1305031104.043249 0.002541554850953412 -0.009668758836333594 0.1736991916932664 -0.05538577776031791 -0.06803664961840407 -0.005270408555461653 0.9961303392248656
1305031104.075425 0.006199213826691302 -0.01044430637900781 0.1598080352903083 -0.05101374731956974 -0.06442373654077102 -0.008155125856204813 0.9965845040320513
1305031104.111235 0.008331340603689397 -0.01491405085432945 0.1480670074366781 -0.04793067035627275 -0.05861363261353073 -0.009585422018166197 0.9970833528826856
1305031104.14323 0.005708757117232395 -0.01949864126121106 0.1308324608322165 -0.04296651943824618 -0.05163683456802168 -0.01131893392557753 0.9976770004655545
1305031104.175424 0.006321447934796464 -0.02254750796672173 0.1156687595787241 -0.03870081075905748 -0.04852326954457652 -0.01243243692376553 0.997994576173354
1305031104.211283 0.006155935455126875 -0.02584103658419609 0.1029763973305466 -0.03436201630775612 -0.04563060833234355 -0.01219418456328076 0.9982927432779036
1305031104.243196 0.007674539972395602 -0.02844238145814193 0.08905824610863322 -0.02968474017175366 -0.04360982953312172 -0.01209222521789397 0.9985343144120322
1305031104.275546 0.008840648093639337 -0.02885233094756192 0.07725012332898133 -0.02470617623936982 -0.04127462943643704 -0.01290262176660404 0.9987589960406174
1305031104.311219 0.0101650035084379 -0.03091569482166373 0.06473875186692289 -0.02092530059895715 -0.03814700621489132 -0.01317126618122456 0.9989661933513404
1305031104.343342 0.01078089382545218 -0.02955257304032897 0.05343397926559215 -0.01676792060744231 -0.03400798574028872 -0.01380989298692032 0.9991854585611626
1305031104.375837 0.01094268440798015 -0.03026988050888897 0.04296221262659566 -0.01491380959832564 -0.02915025697324128 -0.01313627723383635 0.9993774457241341
1305031104.411509 0.007394151967032951 -0.03374572787436032 0.03027778001266952 -0.0142227355631133 -0.02414686918710481 -0.01319226403775365 0.9995201882258912
1305031104.443288 0.002562302657999344 -0.03313126848057502 0.01655606171397065 -0.01319587214595941 -0.02121402940634238 -0.01278919770097712 0.999606057573092
1305031104.475456 -0.001567357523661789 -0.03583463681692801 0.006096482796150412 -0.0138825297972681 -0.02151396072630995 -0.01233481114981379 0.999596057062148
1305031104.511329 -0.002121819027639768 -0.04161483686540807 -0.003078653003728326 -0.0142455275317687 -0.02407717866377885 -0.01123967749684472 0.9995454087047276
1305031104.543368 0.003526869990371666 -0.04075917563912112 -0.01009508937148531 -0.01017038449280554 -0.02791357290733113 -0.009156291228752418 0.9995166622211707
1305031104.575343 0.009948482626680109 -0.04479898295067101 -0.01470392564992808 -0.006257183361815488 -0.02944216475826273 -0.008383259554596411 0.9995117445783037
1305031104.611336 0.02155325553850244 -0.04091713130006732 -0.01313646627647035 0.005477827342366717 -0.02834731559593799 -0.003933472823974786 0.9995753853000056
1305031104.643243 0.02149901984446759 -0.03843665774958572 -0.02987186705387656 0.01844577685712043 -0.02005545531519275 -0.004211304031984556 0.9996198262072375
1305031104.675525 0.02272020965738879 -0.05701076276725072 -0.04628674353170243 0.02492754819494738 -0.01124865609301312 -0.005740614572674821 0.9996094889612731
1305031104.711277 0.01775120453817367 -0.05076307060871574 -0.05673838350889276 0.0410249278618879 -0.001997481031229817 -0.003221312429742639 0.9991509337981358
1305031104.74328 0.02772652136399012 -0.05135120663236553 -0.06439961737741727 0.05298420451167091 0.002223711172719508 0.0002653048401242348 0.9985928393465615
1305031104.775327 0.02666524017245039 -0.05860112444480072 -0.08216367199442881 0.06299327449909754 0.009808718367454339 -0.001172116300876762 0.9979650607888266
1305031104.811465 0.02971560862354036 -0.05374800997174962 -0.09189354926531768 0.07456253754545614 0.01595006241029997 0.001226448703421137 0.9970880198495355
1305031104.843258 0.02637135123296207 -0.04906516545063376 -0.0990774353325429 0.08340279058980339 0.02354851396900896 0.003335818778782679 0.9962320584706958
1305031104.87535 0.02002069871313328 -0.03842249512412734 -0.1052647095229755 0.09121588900015248 0.02809752255985928 0.005022772602764016 0.9954220022559733
1305031104.911534 0.02208702652732638 -0.03818933110440811 -0.105212916897804 0.09261456463582761 0.02862999541396347 0.00748002925793756 0.9952622342589982
1305031104.943262 0.02243250971851287 -0.03627090820732849 -0.1040588118990711 0.09356727540943825 0.02930512630123262 0.007732104119277597 0.9951515407769873
1305031104.975202 0.02149761050084751 -0.02535240751721722 -0.09867236132684098 0.09467270768070281 0.02856136327675894 0.009564960405211813 0.9950526812589492
1305031105.01129 0.02421011593992936 -0.02383172489296193 -0.09210636624596023 0.08976893003568247 0.02735977990212798 0.01017462951886262 0.9955347600953518
1305031105.043373 0.02479857062479647 -0.01772569491533442 -0.08309950273535389 0.08530923595656345 0.02645852395649868 0.009691629752235023 0.9959559995719169
1305031105.07532 0.02112108404671797 -0.02267281199904652 -0.0753336142239092 0.07673336182677284 0.02664049456617138 0.006301481281037687 0.9966757579903788
1305031105.111299 0.01833664726363111 -0.02678151284318635 -0.06331259313649937 0.06962697026131706 0.02597987827610699 0.004462188490906497 0.9972247589239148
1305031105.143106 0.01688593352232617 -0.02047197859771271 -0.05016917012787038 0.06436008986277307 0.02295986040632659 0.002321380464929939 0.9976598793354953
1305031105.175159 0.01170417250841888 -0.02539887538977244 -0.05584707468458559 0.04921397092210284 0.02183996705258669 -0.003663348525986629 0.9985427285713904
1305031105.211268 0.007961418321608254 -0.0144291551013699 -0.01681317328882471 0.04017597283013631 0.01668982540584871 -0.001761024126740579 0.9990516701998448
1305031105.24327 0.003957781584401812 -0.01062400062518985 -0.003640491714134945 0.03315346448623215 0.0117069462466121 -0.00436862846155954 0.9993721580509954
1305031105.275288 -0.001519678490647631 -0.01438737580833706 0.0002724560781723062 0.02080027808973854 0.007178636863607451 -0.005668398990993783 0.9997418090972534
1305031105.31129 -0.008343068015867565 -0.01390657531216624 0.01172087097101781 0.01090001350267633 0.001433790731374946 -0.007335397768005302 0.9999126591304689
1305031105.343302 -0.004040103050390723 -0.01650271780694379 0.03487252768407781 0.001381074428483948 -0.007600545825341312 -0.005744355072374165 0.9999536622870994
1305031105.375338 -0.01042970149542927 -0.01523000660209068 0.04758132544793453 -0.001830934899777907 -0.01091148339757325 -0.006247323992508742 0.9999192758169981
1305031105.411286 -0.01261987586887754 -0.008533941787990818 0.05914443045653202 -0.005890264824550765 -0.01502363796785969 -0.006869819832034856 0.9998461885000026
1305031105.443316 -0.01153130339272788 -0.01250745380431384 0.07505554253192151 -0.01419005586497921 -0.02003888880631618 -0.007447411218119346 0.9996707564573973
1305031105.47528 -0.0143717383437915 -0.01115337613048477 0.08894764198590316 -0.01754680367358305 -0.02273251770946601 -0.008354423918985117 0.9995526729094427
1305031105.511332 -0.01152437057975785 -0.008219168841583272 0.1048312349421205 -0.02185066977394156 -0.02671861554117261 -0.007555517022935154 0.9993755940468575
1305031105.543282 -0.01224692132095771 -0.01045803652482458 0.1214655773053819 -0.02732818340344881 -0.02747365045471637 -0.006350343620376686 0.9992287235955853
1305031105.575449 -0.01492256685617501 -0.008141360852740248 0.1344298982085621 -0.02991715275611111 -0.02799506747220902 -0.006416119151888318 0.999139666704922
1305031105.611378 -0.01392976954800242 -0.008156654611771709 0.1518566077675829 -0.03300193073806142 -0.02948603912716221 -0.005455688420296458 0.9990053460958116
1305031105.643273 -0.01558745194455624 -0.005372401500459148 0.1639558872300423 -0.03318831100229649 -0.02935699147878061 -0.002930484145477913 0.9990135711424558
1305031105.711309 -0.009390113419590968 -0.007646397806328338 0.1961416952395253 -0.03658498048416461 -0.03006484150761215 -0.001505667966715841 0.9988770582369331
1305031105.743312 -0.0112910658943036 0.003382780857217292 0.2115966506801462 -0.03188353221884756 -0.02575964024169644 -0.00176061550045524 0.9991580363190438
1305031105.775339 -0.009747718092045997 0.002267137903940399 0.2250017527825609 -0.0335196412847938 -0.0211081444670272 -0.002238571057059878 0.9992126243622628
1305031105.811283 -0.009832081329504236 0.004817528098255447 0.2404946765471598 -0.03190636958078277 -0.01606547792423278 -0.001495137616417437 0.9993606198779039
1305031105.843271 -0.009070782377401622 0.009366983358745022 0.2555181564588236 -0.02949133284368423 -0.01263266747070613 -0.00124174009382464 0.9994844346367866
1305031105.875337 -0.01082835569787085 0.01801921766267905 0.2714959102961892 -0.02722399917328502 -0.006450831302795342 0.0003307542720613279 0.9996084889826253
1305031105.911262 -0.002586235870402285 0.01746578410526225 0.2805078669206026 -0.03206028229382103 -0.005338488591729039 0.006318302426983172 0.9994517086349083
1305031105.943272 -0.009440194013027004 0.0257701225327792 0.2962800369351937 -0.03251800903864885 0.001077323654874244 0.006533170137201706 0.9994492163936411
1305031105.975329 -0.0107936254966571 0.02786741279396555 0.3058126779277927 -0.03781616233530992 0.004197005158506719 0.007161912873421106 0.9992502339343846
1305031106.011285 -0.004363811899405655 0.03365268566928344 0.3197396511316229 -0.04192790072681744 0.003534647158932971 0.01200730529393888 0.9990422323554106
1305031106.043355 -0.006724619737800098 0.03436274475237449 0.3292885814532536 -0.04779325826101189 0.006698559411621712 0.0128188158779229 0.9987525277695637
1305031106.07533 -0.01576409815045101 0.04197484470556758 0.3445796999248239 -0.04941138706057338 0.01171729757267254 0.009600536777824598 0.9986636317899642
1305031106.111327 -0.01862795021000122 0.05043776449408296 0.3568807126572486 -0.05278415944687768 0.0125595678831342 0.01027585430773214 0.9984740840824672
1305031106.143355 -0.0194024862118779 0.04796157568046924 0.3665337007678046 -0.06246251033362154 0.01120348787161429 0.01253394103723953 0.9979057154783751
1305031106.175534 -0.0125115015021351 0.04845254955401011 0.3738008362329013 -0.06857833228061343 0.005627387937570642 0.01895486914064617 0.9974497770727461
1305031106.211275 -0.01329424423931525 0.04918344865135429 0.3850286553750883 -0.0724372381021008 0.00386581692912693 0.01968891912210731 0.9971711229570445
1305031106.243267 -0.0144746276370665 0.05304838405506983 0.3922595753643227 -0.0720579540096703 0.002755077618768156 0.02327599073938846 0.9971250117544714
1305031106.276385 -0.01607402542521956 0.05816434696636771 0.3978484134754836 -0.07258072229024215 0.001555016994551309 0.02384376766346973 0.9970762736208219
1305031106.311238 -0.01601353115456016 0.06040871043725066 0.4029256890613413 -0.07664963085117903 0.0003047218701378018 0.02652215345474263 0.996705230552686
1305031106.343258 -0.0187875896810818 0.06601909295645489 0.4029182866554465 -0.08110884539552994 0.0005736230177967856 0.02676817754074809 0.996345567976485
1305031106.375388 -0.01864641124612613 0.0701656781418428 0.4105606726751064 -0.0883786544546496 0.0003665702397304491 0.01822444976419065 0.9959201516657032
1305031106.41132 -0.0156843152741348 0.06431904497243829 0.4183573729392054 -0.09755593947214912 0.003285051027883839 0.01471310477303734 0.9951158584111642
1305031106.443278 -0.02042858495876278 0.05983754092785139 0.4143140845677324 -0.09950069634265524 0.009175368819164822 0.009531769585789687 0.9949495310833221
1305031106.475345 -0.0205022684187754 0.05436692653539999 0.4069327052137032 -0.1008921830165747 0.008056755185868972 0.009215643403699625 0.9948220584700969
1305031106.511129 -0.02055445481631607 0.05207021830734718 0.4022841254609812 -0.09920839592265739 0.004112104050639219 0.01119115519662594 0.9949952476389498
1305031106.543302 -0.02058883838070051 0.04895522428168909 0.393765071755893 -0.09540004144367484 -8.4183836481121e-05 0.008715724659442892 0.9954008545050017
1305031106.575282 -0.01994696925840087 0.04623233301043962 0.3822413844664863 -0.0919884364470798 -0.002325108827547288 0.007277490250024679 0.9957307666054225
1305031106.611151 -0.02193976854734797 0.04458887929256396 0.3692709238234422 -0.0910474050545242 -0.004708682352686575 0.004381112084030278 0.9958257900859196
1305031106.643207 -0.01966253456044268 0.03752514694658905 0.359499348066976 -0.0920373520789446 -0.008919770302143627 0.002766113869039709 0.9957117615726536
1305031106.675279 -0.02327298340960163 0.0355602885361454 0.3451309771542693 -0.08906333212761949 -0.0105027560510679 0.002287557055281208 0.9959679623704649
1305031106.711508 -0.0233918314167672 0.03078984508213008 0.3318581904891381 -0.09115808161793434 -0.01660872341567358 0.002688566767928239 0.9956942934811739
1305031106.743341 -0.02409739890264816 0.02605694299686975 0.3158878830303742 -0.08944978844543018 -0.02284138254101756 0.002554705159523064 0.9957261069552362
1305031106.77539 -0.02015526891348587 0.02297531145798911 0.3026831186411759 -0.08824080838294114 -0.03060306797631069 0.002996156189811886 0.9956244447654189
1305031106.811289 -0.02025745650733865 0.02135910100289877 0.2877194678637539 -0.08794037748210883 -0.03439394389868035 0.002287897653333331 0.9955291618811206
1305031106.843416 -0.01854551554222625 0.01205068201102454 0.2719482310710894 -0.09007771967019142 -0.03885973748793631 0.002116756860199887 0.9951740775169848
1305031106.875905 -0.01575082681803375 0.006813244053631715 0.2556749074182852 -0.08421161223411504 -0.04237449941160369 -0.002249921169258193 0.9955439437911715
1305031106.911243 -0.01582978414588148 0.003887900814214175 0.2361360044538212 -0.08036558937474389 -0.04152696704567042 -0.007250051103637065 0.9958736465091506
1305031106.943439 -0.01465366208836373 -0.002263779144276499 0.2222087351401766 -0.0789645509059602 -0.04120665595897338 -0.01116635182141648 0.9959628124543101
1305031106.975547 -0.01504468916589149 -0.003800626759779689 0.2057606387041376 -0.07092998412367195 -0.03867208636600561 -0.01476465187179145 0.9966220006318447
1305031107.011576 -0.01192372584753299 -0.00319020888930904 0.1827669790066854 -0.0636106117636773 -0.0372561197284299 -0.01706903276770324 0.9971330501664292
1305031107.043281 -0.01366398316026074 -0.01158081429706893 0.1673924975901032 -0.06507635681002698 -0.03399060851328019 -0.02050323710146887 0.997090428991068
1305031107.075432 -0.01540294512448281 -0.01369863690575904 0.1523981557736204 -0.05890475796359559 -0.03266444531920894 -0.02074838355268565 0.9975132921827103
1305031107.111229 -0.01429608429764109 -0.0167181041277345 0.1332509772466756 -0.05444812015999317 -0.03357669500502927 -0.02144411892711909 0.9977214829435226
1305031107.14326 -0.01149751283029265 -0.01852366323505732 0.1162244382094049 -0.05257551262843364 -0.03314921920139625 -0.02192929269464988 0.9978256615562198
1305031107.175399 -0.01163248780097416 -0.024957337860278 0.1053988978884839 -0.05112830666354982 -0.03130269387237386 -0.02251610892888831 0.9979474246936824
1305031107.211358 -0.009632843923993235 -0.02767488814836702 0.09139097942316129 -0.04402751768657655 -0.02931902444850622 -0.02441034375843324 0.9983016115429951
1305031107.243378 -0.009165714775338082 -0.02473090396329393 0.07772016612850834 -0.03605947241523089 -0.02599895105699594 -0.02560622603418904 0.9986831780806951
1305031107.275398 -0.003287960760063745 -0.02946263439444347 0.06715258483360036 -0.03120994098951253 -0.02428761244968211 -0.02409731802590627 0.9989271098177702
1305031107.311226 -0.002826999776433812 -0.03685677200058497 0.05253979852876213 -0.02507931372669718 -0.02031650516268411 -0.02624038383735211 0.9991344803864197
1305031107.343509 0.0001497950079445822 -0.03397749572525734 0.04347482129219728 -0.01163970850526696 -0.01724331024819999 -0.02599619898655743 0.9994455378237717
1305031107.375413 0.004750684498957768 -0.03402678038778927 0.03173441840824208 -0.00330021185131997 -0.01345362588294506 -0.0252342063506014 0.9995855858215411
1305031107.411271 0.003592783481541872 -0.0360319752708813 0.01875002592171785 0.003067553183923476 -0.007417245965956912 -0.02704328356690341 0.9996020385101585
1305031107.443419 0.008560297690286014 -0.03261197412052522 0.01749222265968471 0.009157161260375333 -0.004169001450520723 -0.02593419816476314 0.9996130167170233
1305031107.475377 0.01238716078621981 -0.03437117689346923 0.01459026335496001 0.01170856032459209 -0.000185834319824676 -0.02523275727373223 0.9996130166424885
1305031107.511352 0.01031716940158454 -0.02860846132411845 0.008974659302290329 0.01468704345696272 0.004822804250097301 -0.02545570530057201 0.9995564208094053
1305031107.543605 0.01398232540276256 -0.03151070725298771 0.00938782767322412 0.01097468577675064 0.007074886415196101 -0.02269347201475334 0.9996571955336636
1305031107.575454 0.01700788187071541 -0.03565283090886227 0.01008269187956917 0.01006314664385611 0.008787676320528636 -0.02069961101518574 0.9996964718995111
1305031107.611271 0.01915181772639407 -0.026676409970289 0.009731582539497586 0.01271787602168509 0.01006360050635239 -0.01905682787987466 0.999686859414238
1305031107.643323 0.01698574432014715 -0.02783462943181024 0.01029226765964065 0.008667825444915726 0.01273814169014822 -0.01858642187424999 0.9997085342589862
1305031107.675568 0.01847360908142272 -0.02532926298117684 0.01514720140898489 0.008173478622653579 0.01265039004270629 -0.01744264107123579 0.9997344228100944
1305031107.711307 0.01687316954847365 -0.02394810438392559 0.01392761149753362 0.00663315709555392 0.01308564050230463 -0.01668588535255758 0.9997531437657955
1305031107.743538 0.014517666107684 -0.01855211977092591 0.01633361986955499 0.00441389685907717 0.01229717579580274 -0.0161422340283209 0.9997843393765175
1305031107.775802 0.01383502295630802 -0.01942617316149813 0.01924705505820166 0.001104378725258711 0.009677117069966944 -0.01729412674535384 0.9998030040627809
1305031107.811596 0.01577122275856506 -0.01688969094588149 0.02260047856103763 -0.0004954409935787449 0.007289758158061039 -0.01777793281022656 0.9998152624706296
1305031107.843332 0.01728810816873896 -0.01661267313360308 0.0247170323991993 -0.003491360698668886 0.006639130149206513 -0.01724621365178465 0.9998231345923192
1305031107.875358 0.02230115473337275 -0.01928132262749457 0.0295838150821453 -0.004627023928808457 0.006457645929665874 -0.02170523933574956 0.9997328503375225
1305031107.911541 0.02579205009284512 -0.0174517448454132 0.03322536161083385 -0.003317058194502677 0.009123047876753564 -0.02334740610148371 0.9996802817654779
1305031107.943122 0.03075553103840001 -0.01854336175151011 0.03593066345672975 -0.001549046087900338 0.01226783826830346 -0.02389336165693784 0.9996380384264952
1305031107.975807 0.0403144612848659 -0.01949842518621211 0.04340716348182887 0.0006969959754678907 0.01511137937717582 -0.02362871786062888 0.9996063445687967
1305031108.01132 0.04675637551018439 -0.01958798613234292 0.04021754094789561 0.004557347795550726 0.02040412629896953 -0.02660575482401798 0.9994273540489526
1305031108.043418 0.06882977689150797 -0.01370106558463895 0.05199257138062809 0.0079966574617144 0.02286474873259383 -0.02098179701691142 0.9994863785608968
1305031108.075352 0.06963867589700512 -0.02358202210554979 0.04305545865859648 0.006303865352920371 0.0364439966810477 -0.01811382308173922 0.999151633037192
1305031108.111378 0.08075962078280075 -0.02391854199514235 0.04780121757892117 0.009075819459438946 0.04105152254478062 -0.01848319210981572 0.998944830111917
1305031108.143334 0.09342968780691759 -0.01973409321515458 0.05689716089626216 0.01165701168571366 0.04388765470501171 -0.01687015792798108 0.9988260036735817
1305031108.176058 0.09723338847104852 -0.005991202997827959 0.06086269987976701 0.01464600192633664 0.04954924498798417 -0.01601579610963995 0.9985358587570448
1305031108.211475 0.1072347005654657 -0.006986920036827658 0.06732913028087388 0.009344669385847949 0.05127851101511132 -0.01592762874989201 0.9985136464288047
1305031108.243347 0.1230606219296173 -0.01561423342255726 0.07375446265413466 0.006219478288662001 0.05357289108372454 -0.01833585374000448 0.9983762116048105
1305031108.275358 0.13474909635635 -0.008345004757408986 0.07508247993276 0.00861744826197686 0.05764766449432403 -0.01861828070065089 0.9981261673694131
1305031108.311332 0.1418537488313313 -0.004736680555162137 0.07688255879915773 0.005208009590047233 0.05992808315487332 -0.01752638935384263 0.9980352334270118
1305031108.343278 0.1516931376082502 -0.002696328129747299 0.08300700020870723 9.961876413647575e-05 0.05859439097840235 -0.01583865503690043 0.9981562124380101
1305031108.37541 0.158688679415649 -0.003285737770996525 0.08482654714585135 -0.005972726351243378 0.05678148081970703 -0.01055523221860015 0.9983129654815998
1305031108.411361 0.1728371540243922 -0.002608845249292361 0.09031103419041377 -0.01076927302537972 0.05195250482727478 -0.004150759629131306 0.9985828614567637
1305031108.44361 0.1864379365444156 4.658955433659893e-05 0.0970133192837853 -0.01455474353957075 0.05037198403165777 0.002351647470391141 0.9986216963492165
1305031108.475471 0.1995422411204443 -0.002829806345005483 0.1007875858053957 -0.01824426583160692 0.04969156685686232 0.01004120396247887 0.9985474796776364
1305031108.511378 0.2241405355582021 -0.005018504422898824 0.1009928070428178 -0.01818488125167973 0.04900157259083303 0.01514541586201348 0.9985182884433585
1305031108.543737 0.2365799342882123 -0.007474898241462336 0.1026850461822701 -0.01467233250673592 0.05609721856080687 0.01402256778943676 0.9982190101982348
1305031108.575414 0.2444742117412443 -0.002026935431918182 0.1014946932589661 -0.00961197230304978 0.06224247819608416 0.01100638442175313 0.9979540788024347
1305031108.611407 0.2601891578211952 -0.003614383021538693 0.102758451702218 -0.01051655937162656 0.06689662532852253 0.01130447777504182 0.9976404423843652
1305031108.643303 0.2647502340880107 -0.0009767922781419329 0.104438068005905 -0.01010432605127597 0.07477675199612459 0.01187101365733372 0.9970784417440319
1305031108.675375 0.2785173698160286 0.005798732832943578 0.1118004718801573 -0.01115884205396542 0.07915392167956117 0.01536028690744927 0.996681593345077
1305031108.711411 0.2871562660884718 0.001135802295495389 0.1080508398866133 -0.01673018170168201 0.08711502253737401 0.02040423529205892 0.9958487541040998
1305031108.743502 0.2913519955463499 -0.005743610302475572 0.1078183517374304 -0.02071027803532728 0.09371007701104786 0.01937281742078676 0.9951955585689999
1305031108.775493 0.3112238747460105 0.005682581486014738 0.1083652575100942 -0.01613841545526511 0.09187399846353785 0.02927248473120708 0.9952094460919151
1305031108.811244 0.2963293354612296 -0.001215537417714305 0.1164167295992525 -0.02200349152515569 0.1035463064995259 0.02655169240697318 0.9940266678521931
1305031108.843264 0.2973781734735808 -0.004160292058881186 0.1153000261047843 -0.02174866144082928 0.1044006325985172 0.03265125166917147 0.9937612386297818
1305031108.876515 0.2987923667437004 -0.002714340414004713 0.1132901132403775 -0.01907624113353517 0.1016328679718577 0.03906977685873849 0.9938714251392071
1305031108.911364 0.3012611004254402 -0.007033277113985932 0.1118514971780824 -0.01706508985695509 0.09776074406878224 0.04507242815731066 0.9940423008339716
1305031108.943243 0.2980039851054742 -0.007163468947208857 0.1068427786428584 -0.01166033090242669 0.09466025423325405 0.04659972779161541 0.9943500079556942
1305031108.975268 0.2917423470658566 -0.003137129455817277 0.1040875288434995 -0.007179553611292301 0.08942679218879102 0.04290734768575576 0.9950428444862759
1305031109.011269 0.2897107317543662 -0.001798256745096929 0.1047652110885276 -0.007626098131693599 0.08581772424290268 0.04126128300000824 0.9954268769519177
1305031109.043277 0.2815523086661441 -0.005311125755632876 0.1018939777905501 -0.007575265737437145 0.08531131116166447 0.03866463822965047 0.9955750304660393
1305031109.07541 0.2778631389864208 0.002310421247069764 0.09636165346950934 -0.006702044940480475 0.08101846866271066 0.03489284695446281 0.996079103063897
1305031109.111282 0.2789683330502689 0.001328513807496315 0.09997460083579277 -0.01054595181595655 0.07739867152180524 0.03308090557766444 0.9963954447071287
1305031109.143334 0.2621522828146652 -0.001814990140250793 0.1038170940170137 -0.0116261343347292 0.07679752470371985 0.03117916753034742 0.9964912607303322
1305031109.175464 0.2330237878437445 0.00206621573813083 0.1034251956905695 -0.0119586342557995 0.07491078043582007 0.02505435072173178 0.9968037146555709
1305031109.211379 0.2453245928284636 0.008153978513355335 0.08830253236658427 -0.01527703004885971 0.06331335013808831 0.02823862943207891 0.9974771234745065
1305031109.24329 0.235267447032072 0.00601574447224488 0.08371356531683308 -0.02503313101569665 0.05990145199731596 0.03491267239406017 0.9972794311056803
1305031109.275308 0.2204997419006769 -0.002891592776059207 0.08206931370924665 -0.02959895516902324 0.05651869041337991 0.0404296933464367 0.9971434096371353
1305031109.311329 0.2090583655430827 -0.003982820899312326 0.07395066577904885 -0.02765061835429215 0.0472135561789145 0.04082852395798779 0.9976669559772829
1305031109.343248 0.1981822173842913 -0.0002432790715979504 0.0693264616068652 -0.02992903255371307 0.03659740475171298 0.04003071103501089 0.9980793681616055
1305031109.375397 0.1778479719236838 -0.002126716913083572 0.07340844249019121 -0.03271712186996533 0.03021372644217302 0.04018996391945966 0.9981991221550818
1305031109.411329 0.1648738717500129 -0.003146857779090609 0.07891986513773747 -0.03384232424525278 0.02382360951261095 0.03657675628560204 0.9984734716651682
1305031109.443302 0.1550903339923802 -0.003961530828663616 0.07934671964789325 -0.03806743029226738 0.01732298551075198 0.03104474980899239 0.998642582926061
1305031109.475363 0.1435290888239907 -0.0003516237715333635 0.08199852013156805 -0.03932132423063171 0.01412433324902956 0.02924122521703422 0.9986987971449783
1305031109.511273 0.1278407509131402 -0.002354381140959031 0.08347833009085445 -0.03930801479826988 0.0124361473352894 0.02448431889943439 0.9988497085848825
1305031109.543294 0.1134946980366632 -0.002211275143808554 0.07985993613517312 -0.03632598892260102 0.01118512439682866 0.02109711332464982 0.999054666837801
1305031109.575362 0.1000596584431189 -0.0002540115356140879 0.07433283165771259 -0.03574083500204259 0.01086638395805868 0.02171645558469361 0.9990660188245173
1305031109.61131 0.08718234170135671 0.001545347281255325 0.07610998656538168 -0.03523703546280629 0.009517496822751539 0.01912965297218805 0.9991505517003859
1305031109.643229 0.0727665896336212 0.002811990070363027 0.07246063520665108 -0.03551009973054868 0.008686854824019177 0.0180552956989418 0.9991684430903613
1305031109.675263 0.05809536413687851 0.001032730156550773 0.06675104483519888 -0.03870988851399044 0.009116606498093436 0.01940857030542454 0.9990203898899626
1305031109.711312 0.04503481686865942 0.004717527425867033 0.06692622147553028 -0.04068312665537434 0.005754080356481697 0.02008928357341367 0.9989535496960311
1305031109.743274 0.03973240521905204 0.01088428974858362 0.07251983224899523 -0.04356544950457028 0.0006866137596652764 0.02077070083681951 0.9988343997669269
1305031109.775277 0.03041339035196322 0.01108035319829433 0.0767053534753302 -0.04677215089324629 -0.002659890948781911 0.02320492661733103 0.9986324760699725
1305031109.811371 0.01366137816148541 0.01384698428007319 0.07525959383266695 -0.04805916065095216 -0.001844767002891093 0.01998357089430149 0.998642864494882
1305031109.843296 -0.0005031412385396412 0.01351816683006811 0.07510922344845299 -0.05149350304389613 -0.004058625692162968 0.02093969488832583 0.998445529750994
1305031109.875306 -0.009661697734865974 0.002297824522191412 0.06834905486934857 -0.0598128871271196 -0.009045378979613227 0.02112807990394517 0.9979449904139036
1305031109.911265 -0.01963816899377259 0.002620674439810888 0.07633413385398451 -0.06072482192489919 -0.01610248418046977 0.01816356640517097 0.9978593542483088
1305031109.943299 -0.0314109582195458 0.007627885629676941 0.07431828522835812 -0.06142663667966517 -0.01990123904609263 0.01244563626641274 0.9978355651752341
1305031109.975258 0.02878225316164543 1.367853017767146 1.122060248687965 0.06449244276541009 0.7402975810345512 0.6690553662191627 0.01285041921046306
1305031110.011256 0.160742232844107 2.665631794067666 2.174027117496959 -0.052612506887757 -0.00677815425856744 -0.01407648118668263 0.9984927808558426
