1305031102.175304 0 0 0 0 0 0 1
1305031102.211214 -0.0009131260597354563 0.009971428977284579 0.01292547205407833 -0.001511030678894953 -0.003574141696393928 -0.0008872162583661541 0.9999920775409835
1305031102.275326 -0.0006325261213377335 0.006435376001254751 0.04003854883581224 -0.01465390657039541 -0.009965595423492466 1.104874864895772e-05 0.9998429625736266
1305031102.311267 -0.001702700130476226 0.006753775192540319 0.05351554648816832 -0.01879451890442166 -0.01161910851379703 0.000562256464369421 0.9997556932791952
1305031102.343233 -0.001433098226692972 0.007986411888869277 0.06538382060692251 -0.02069723306046425 -0.01375780554159917 0.002426012114147672 0.9996881822826268
1305031102.375329 -0.002749553016015624 0.009065838023455529 0.07646990154903718 -0.02272357063784455 -0.01517983426711528 0.002320666832301579 0.9996238424900354
1305031102.411258 -0.006429507226575191 0.0123877225909154 0.08505120808159153 -0.02398292271358226 -0.01676533148497383 0.001073652007022892 0.9995712032415105
1305031102.443271 -0.006844056630000349 0.01771912615606259 0.09557563555171157 -0.0284449249043814 -0.02015122246409031 0.0008289343506807387 0.9993918787683984
1305031102.475318 -0.004362632595468745 0.01690436243457087 0.11159207675685 -0.03644495424469838 -0.02331676452007759 0.001022297209661085 0.99906308545098
1305031102.511219 -0.004362632595468745 0.01690436243457087 0.11159207675685 -0.03644495424469838 -0.02331676452007759 0.001022297209661085 0.99906308545098
1305031102.575286 -0.004362632595468745 0.01690436243457087 0.11159207675685 -0.03644495424469838 -0.02331676452007759 0.001022297209661085 0.99906308545098
1305031102.611233 -0.004362632595468745 0.01690436243457087 0.11159207675685 -0.03644495424469838 -0.02331676452007759 0.001022297209661085 0.99906308545098
1305031102.675285 -0.004362632595468745 0.01690436243457087 0.11159207675685 -0.03644495424469838 -0.02331676452007759 0.001022297209661085 0.99906308545098
1305031102.711263 -0.004362632595468745 0.01690436243457087 0.11159207675685 -0.03644495424469838 -0.02331676452007759 0.001022297209661085 0.99906308545098
1305031102.743234 -0.004362632595468745 0.01690436243457087 0.11159207675685 -0.03644495424469838 -0.02331676452007759 0.001022297209661085 0.99906308545098
1305031102.775472 -0.004362632595468745 0.01690436243457087 0.11159207675685 -0.03644495424469838 -0.02331676452007759 0.001022297209661085 0.99906308545098
1305031102.811232 -0.004362632595468745 0.01690436243457087 0.11159207675685 -0.03644495424469838 -0.02331676452007759 0.001022297209661085 0.99906308545098
1305031102.84329 -0.004362632595468745 0.01690436243457087 0.11159207675685 -0.03644495424469838 -0.02331676452007759 0.001022297209661085 0.99906308545098
1305031102.875363 -0.004362632595468745 0.01690436243457087 0.11159207675685 -0.03644495424469838 -0.02331676452007759 0.001022297209661085 0.99906308545098
